V4	V5	acc	chr	len	merge	type	pan.b	pan.e	id	id_new
7982530	7983119	9764	1	588	0	chloroplast	9877309	9877898	1	1
8274389	8275441	6244	1	1051	0	chloroplast	10227343	10228395	2	2
11114245	11118904	22006	1	4658	0	chloroplast	14090824	14095485	3	3
11142469	11147129	22005	1	4659	0	chloroplast	14090824	14095485	3	3
12640925	12641199	220011	1	273	0	chloroplast	17243253	17243527	4	4
12649858	12650132	9728	1	273	0	chloroplast	17243253	17243527	4	4
12705931	12706199	22002	1	267	0	chloroplast	17243253	17243521	4	4
12710733	12711007	22007	1	273	0	chloroplast	17243253	17243527	4	4
12795932	12796206	8236	1	273	0	chloroplast	17243253	17243527	4	4
12808885	12809159	6244	1	273	0	chloroplast	17243253	17243527	4	4
12809093	12809367	6966	1	273	0	chloroplast	17243253	17243527	4	4
13956171	13980041	9981	1	23869	0	chloroplast	0	0	-5	5
16208335	16208661	9543	1	325	0	chloroplast	22489064	22489390	6	6
18671406	18671676	22006	1	269	0	chloroplast	27534359	27534629	7	7
21072555	21073122	22002	1	566	0	chloroplast	31440176	31440743	8	8
22271886	22272389	9764	1	502	0	chloroplast	32562617	32563120	9	9
22468293	22468698	9764	1	404	0	chloroplast	32889310	32889715	10	10
22933057	22945558	22006	1	12500	0	chloroplast	34535529	34548032	11	11
23631847	23644349	22005	1	12501	0	chloroplast	34535529	34548032	11	11
24839442	24839733	22005	1	290	0	chloroplast	36301943	36303157	12	12
1441763	1442038	22004	2	274	0	chloroplast	2504920	2505195	13	13
2736036	2736701	9764	2	664	0	chloroplast	0	0	-14	19
2989318	2989953	9075	2	634	0	chloroplast	5106627	5107265	15	15
2788879	2789509	22002	2	629	0	chloroplast	5106632	5107266	15	15
2827147	2827781	6069	2	633	0	chloroplast	5106632	5107267	15	15
2851251	2851885	6244	2	633	0	chloroplast	5106632	5107267	15	15
2860330	2860961	9981	2	630	0	chloroplast	5106632	5107266	15	15
2864266	2864897	220011	2	630	0	chloroplast	5106632	5107266	15	15
2893377	2894011	9638	2	633	0	chloroplast	5106632	5107267	15	15
2909578	2910209	10015	2	630	0	chloroplast	5106632	5107266	15	15
2911147	2911778	10024	2	630	0	chloroplast	5106632	5107266	15	15
2914132	2914757	9728	2	624	0	chloroplast	5106632	5107260	15	15
2967878	2968470	9543	2	591	0	chloroplast	5106632	5107224	15	15
2970393	2971024	6909	2	630	0	chloroplast	5106632	5107266	15	15
2994311	2994943	22004	2	631	0	chloroplast	5106632	5107266	15	15
3001163	3001794	9537	2	630	0	chloroplast	5106632	5107266	15	15
3058481	3059111	6966	2	629	0	chloroplast	5106632	5107266	15	15
3204486	3205118	9764	2	631	0	chloroplast	5107266	5106632	15	15
2914472	2915091	22005	2	618	0	chloroplast	5106632	0	-16	15
2919039	2919658	22006	2	618	0	chloroplast	5106632	0	-17	15
3064963	3065438	6966	2	474	0	chloroplast	5113118	5113593	18	18
3243447	3244169	10024	2	721	0	chloroplast	5708984	5709707	19	19
3250146	3250868	22002	2	721	0	chloroplast	5708984	5709707	19	19
3274862	3275584	6069	2	721	0	chloroplast	5708984	5709707	19	19
3298968	3299690	6244	2	721	0	chloroplast	5708984	5709707	19	19
3316058	3316744	9981	2	685	0	chloroplast	5708984	5709671	19	19
3329699	3330422	22005	2	722	0	chloroplast	5708984	5709707	19	19
3335767	3336490	22006	2	722	0	chloroplast	5708984	5709707	19	19
3365419	3366105	1741	2	685	0	chloroplast	5708984	5709671	19	19
3374009	3374731	220011	2	721	0	chloroplast	5708984	5709707	19	19
3382346	3383068	9638	2	721	0	chloroplast	5708984	5709707	19	19
3396321	3397007	6124	2	685	0	chloroplast	5708984	5709671	19	19
3416348	3417071	9543	2	722	0	chloroplast	5708984	5709707	19	19
3419428	3420150	10015	2	721	0	chloroplast	5708984	5709707	19	19
3427490	3428210	22007	2	719	0	chloroplast	5708984	5709707	19	19
3462532	3463254	6024	2	721	0	chloroplast	5708984	5709707	19	19
3469416	3470139	22003	2	722	0	chloroplast	5708984	5709707	19	19
3469635	3470356	9537	2	720	0	chloroplast	5708984	5709707	19	19
3471000	3471709	9075	2	708	0	chloroplast	5708984	5709694	19	19
3494652	3495374	22004	2	721	0	chloroplast	5708984	5709707	19	19
3537094	3537780	6966	2	685	0	chloroplast	5708984	5709671	19	19
3615874	3616596	9888	2	721	0	chloroplast	5708984	5709707	19	19
3346671	3347377	8236	2	705	0	chloroplast	5679319	5680025	20	20
3330450	3331147	9728	2	696	0	chloroplast	5679328	5680025	20	20
3354694	3355407	9728	2	712	0	chloroplast	0	0	-21	19
3371625	3372297	8236	2	671	0	chloroplast	0	0	-22	19
3404777	3405463	10002	2	685	0	chloroplast	0	0	-23	19
3512509	3512909	9905	2	399	0	chloroplast	0	0	-24	19
4934265	4934847	6069	2	581	0	chloroplast	8532663	8533245	25	25
4976989	4977570	6244	2	580	0	chloroplast	8532663	8533245	25	25
8337573	8341021	9905	2	3447	0	chloroplast	13284012	13287460	26	26
14324571	14325168	9543	2	596	0	chloroplast	22451255	22451852	27	27
17028647	17036110	22007	2	7462	0	chloroplast	26022797	26030260	28	28
18660634	18661037	22006	2	402	0	chloroplast	27779541	27779945	29	29
18676613	18677016	22005	2	402	0	chloroplast	27779541	27779945	29	29
4017734	4018025	9981	3	290	0	chloroplast	4986345	4986636	30	30
4051693	4051984	9728	3	290	0	chloroplast	4986345	4986636	30	30
6320516	6320746	9764	3	229	0	chloroplast	7814912	7815142	31	31
7092073	7093080	9075	3	1006	0	chloroplast	8952690	8953709	32	32
7100177	7101181	22002	3	1003	0	chloroplast	8952690	8953709	32	32
7106442	7107454	8236	3	1011	0	chloroplast	8952690	8953709	32	32
7109298	7110311	6909	3	1012	0	chloroplast	8952690	8953709	32	32
7109481	7110487	9537	3	1005	0	chloroplast	8952690	8953709	32	32
7138445	7139450	10015	3	1004	0	chloroplast	8952690	8953709	32	32
10283286	10317720	22003	3	34433	0	chloroplast	0	0	-33	33
10494415	10497896	22007	3	3480	0	chloroplast	13752698	13756181	34	34
10899103	10995641	9543	3	96537	0	chloroplast	0	0	-35	35
12502432	12513529	9905	3	11096	0	chloroplast	17644126	17655533	36	36
12624630	12635732	9543	3	11101	0	chloroplast	17644146	17655571	36	36
12949791	13011759	9728	3	61967	0	chloroplast	0	0	-37	37
12994485	12998669	9638	3	4183	0	chloroplast	19659051	19663327	38	38
13279285	13284350	9888	3	5064	0	chloroplast	19659051	19664174	38	38
13292869	13296622	1741	3	3752	0	chloroplast	19659051	19662837	38	38
13307156	13311340	10015	3	4183	0	chloroplast	19659051	19663327	38	38
13393309	13398380	9537	3	5070	0	chloroplast	19659051	19664174	38	38
13427351	13432434	6024	3	5082	0	chloroplast	19659051	19664174	38	38
13437680	13442766	10024	3	5085	0	chloroplast	19659051	19664174	38	38
13453928	13458995	22002	3	5066	0	chloroplast	19659051	19664174	38	38
13461087	13466173	9543	3	5085	0	chloroplast	19659051	19664174	38	38
13545277	13548215	6909	3	2937	0	chloroplast	19659051	19662016	38	38
13548343	13552097	9905	3	3753	0	chloroplast	19659051	19662837	38	38
13576059	13580393	6244	3	4333	0	chloroplast	19659051	19663423	38	38
13631624	13636702	9764	3	5077	0	chloroplast	19659051	19664174	38	38
13635465	13639702	6069	3	4236	0	chloroplast	19659051	19663327	38	38
13637571	13642653	220011	3	5081	0	chloroplast	19659051	19664174	38	38
13703485	13707722	9075	3	4236	0	chloroplast	19659051	19663327	38	38
13719891	13724973	10002	3	5081	0	chloroplast	19659051	19664174	38	38
13990509	13994748	9728	3	4238	0	chloroplast	19659051	19663327	38	38
13177418	13182487	22004	3	5068	0	chloroplast	19659065	19664174	38	38
13291073	13296120	9981	3	5046	0	chloroplast	19659065	19664174	38	38
13317499	13322547	8236	3	5047	0	chloroplast	19659065	19664174	38	38
13249570	13254564	22006	3	4993	0	chloroplast	19659142	19664174	38	38
13378724	13383713	22003	3	4988	0	chloroplast	19659142	19664174	38	38
13527290	13530409	6124	3	3118	0	chloroplast	19659516	19662645	38	38
13588549	13592201	22007	3	3651	0	chloroplast	19659666	19663327	38	38
13903534	13907091	6966	3	3556	0	chloroplast	19660608	19664174	38	38
13384061	13387606	22005	3	3544	0	chloroplast	19660623	19664174	38	38
14494203	14585750	10024	3	91546	0	chloroplast	0	0	-39	39
14855648	14857642	22004	3	1993	0	chloroplast	21246160	21248163	40	40
15648464	15648883	9981	3	418	0	chloroplast	22292501	22292920	41	41
15649690	15650262	9981	3	571	0	chloroplast	22293727	22294299	42	42
18164510	18164969	10024	3	458	0	chloroplast	27561493	27561952	43	43
18427737	18428196	22007	3	458	0	chloroplast	27561493	27561952	43	43
19384254	19385629	9543	3	1374	0	chloroplast	28875105	28876480	44	44
21509249	21510557	9764	3	1307	0	chloroplast	32101217	32102525	45	45
22476364	22479449	22006	3	3084	0	chloroplast	0	0	-46	46
22774128	22777211	22005	3	3082	0	chloroplast	0	0	-47	46
22797060	22799161	9981	3	2100	0	chloroplast	33034010	33036111	48	48
481841	484951	1741	4	3109	0	chloroplast	707299	710409	49	49
782977	783462	22007	4	484	0	chloroplast	1249801	1250286	50	50
771910	772394	10024	4	483	0	chloroplast	1249802	1250286	50	50
2963250	2964026	22004	4	775	0	chloroplast	4829679	4830455	51	51
3207808	3208374	9764	4	565	0	chloroplast	5255096	5255662	52	52
4830588	4866470	10002	4	35881	0	chloroplast	7585799	7621681	53	53
5408617	5409099	9764	4	481	0	chloroplast	8720868	8721359	54	54
5595037	5595527	6124	4	489	0	chloroplast	8720868	8721361	54	54
5597964	5598448	10024	4	483	0	chloroplast	8720868	8721361	54	54
5638819	5639309	6909	4	489	0	chloroplast	8720868	8721361	54	54
5843719	5844203	22007	4	483	0	chloroplast	8720868	8721361	54	54
5861228	5861718	6069	4	489	0	chloroplast	8720868	8721361	54	54
5923437	5923920	9728	4	482	0	chloroplast	8720868	8721361	54	54
5927404	5927889	9638	4	484	0	chloroplast	8720868	8721361	54	54
5970148	5970638	6244	4	489	0	chloroplast	8720868	8721361	54	54
5991582	5992072	6024	4	489	0	chloroplast	8720868	8721361	54	54
6142487	6142972	8236	4	484	0	chloroplast	8720868	8721361	54	54
6166061	6166546	22002	4	484	0	chloroplast	8720868	8721361	54	54
6202234	6202719	10015	4	484	0	chloroplast	8720868	8721361	54	54
6361113	6361597	9543	4	483	0	chloroplast	8720868	8721361	54	54
5482244	5482714	9537	4	469	0	chloroplast	8720883	8721361	54	54
6398060	6398505	22004	4	444	0	chloroplast	8720892	8721345	54	54
7159281	7161367	10002	4	2085	0	chloroplast	11225286	11227373	55	55
7987197	7988550	9543	4	1352	0	chloroplast	11723736	11725089	56	56
10350919	10351542	9905	4	622	0	chloroplast	15545389	15546012	57	57
12625537	12628612	9764	4	3074	0	chloroplast	20165486	20168561	58	58
14132830	14133132	9638	4	301	0	chloroplast	21640692	21640994	59	59
14488133	14488435	10015	4	301	0	chloroplast	21640692	21640994	59	59
5831548	5902986	6069	5	71437	0	chloroplast	7352268	7423606	60	60
7853211	7857318	220011	5	4106	0	chloroplast	10137842	10141949	61	61
7863210	7867316	22002	5	4105	0	chloroplast	10137842	10141949	61	61
8322320	8620047	220011	5	297728	0	chloroplast	0	0	-62	62
10544291	10544581	22005	5	289	0	chloroplast	14493433	14493723	65	65
10576915	10578090	9764	5	1174	0	chloroplast	14549271	14550453	66	66
12108433	12108695	6069	5	261	0	chloroplast	16877771	16878033	67	67
12119078	12119340	6024	5	261	0	chloroplast	16877771	16878033	67	67
12954468	12954723	6244	5	254	0	chloroplast	16877771	16878026	67	67
12115036	12115673	22002	5	636	0	chloroplast	17115552	17116189	68	68
13357517	13357779	10002	5	261	0	chloroplast	0	0	-69	67
13730721	13730970	22002	5	248	0	chloroplast	19232604	19233107	70	70
18299537	18299883	9888	5	345	0	chloroplast	27312990	27313336	71	71
21159470	21159858	6124	5	387	0	chloroplast	31209451	31209839	72	72
22298749	22299023	22007	5	273	0	chloroplast	33522230	33522504	73	73
27025539	27025775	6966	5	235	0	chloroplast	38434568	38434804	74	74
5347163	5360045	9075	1	12881	0	mitochondria	6458658	6471540	75	75
7749639	7750168	9075	1	528	0	mitochondria	9564372	9564901	76	76
10041876	10049827	9638	1	7950	0	mitochondria	12719404	12727463	77	77
10072252	10080310	9537	1	8057	0	mitochondria	12719404	12727463	77	77
12998126	12998592	22007	1	465	0	mitochondria	17766433	17766899	78	78
13827844	13828372	10015	1	527	0	mitochondria	19384309	19384865	79	79
14402813	14403444	9888	1	630	0	mitochondria	0	0	-80	80
14792723	14793354	6124	1	630	0	mitochondria	0	0	-81	80
15536573	15537204	6069	1	630	0	mitochondria	0	0	-82	80
16251756	16252115	10024	1	358	0	mitochondria	23873938	23874297	83	83
16479521	16479880	22002	1	358	0	mitochondria	23873938	23874297	83	83
16680916	16681275	22007	1	358	0	mitochondria	23873938	23874297	83	83
18198902	18421807	9638	1	222904	0	mitochondria	0	0	-84	84
23782525	23786361	6909	1	3835	0	mitochondria	34704851	34708688	85	85
29522522	29522809	9537	1	286	0	mitochondria	42485227	42485514	86	86
29597071	29597358	9075	1	286	0	mitochondria	42485227	42485514	86	86
29655185	29655472	9981	1	286	0	mitochondria	42485227	42485514	86	86
1448537	1448811	1741	2	273	0	mitochondria	2546507	2546782	87	87
1894287	2020710	6966	2	126422	0	mitochondria	0	0	-88	88
2662899	2663266	9764	2	366	0	mitochondria	5740856	5740489	89	89
3271678	3424324	6909	2	152645	0	mitochondria	0	0	-90	90
3351665	3352032	6069	2	366	0	mitochondria	0	0	-91	89
3375771	3376138	6244	2	366	0	mitochondria	0	0	-92	89
3504971	3505338	22007	2	366	0	mitochondria	0	0	-93	89
3528872	3529239	22003	2	366	0	mitochondria	0	0	-94	89
3542073	3542387	9075	2	313	0	mitochondria	0	0	-95	89
3569832	3570199	22004	2	366	0	mitochondria	0	0	-96	89
3623295	3623588	9543	2	292	0	mitochondria	6046232	6046532	97	97
3695006	3695373	9888	2	366	0	mitochondria	0	0	-98	89
5758045	5758335	220011	2	289	0	mitochondria	0	0	-99	99
8041019	8041360	6909	2	340	0	mitochondria	13916285	13916626	100	100
8346195	8346536	9888	2	340	0	mitochondria	13916285	13916626	100	100
441464	443330	10024	3	1865	0	mitochondria	498928	500794	101	101
1991694	1992134	6124	3	439	0	mitochondria	0	0	-102	102
2023099	2023541	6124	3	441	0	mitochondria	0	0	-103	103
5793718	5793917	220011	3	198	0	mitochondria	7242372	7242571	104	104
5799739	5799938	9638	3	198	0	mitochondria	7242372	7242571	104	104
5824157	5824356	10015	3	198	0	mitochondria	7242372	7242571	104	104
9054879	9066615	6966	3	11735	0	mitochondria	11653086	11664822	105	105
9088220	9099956	10002	3	11735	0	mitochondria	11653086	11664822	105	105
13171777	13174442	6024	3	2664	0	mitochondria	0	0	-106	107
13206970	13209735	22002	3	2764	0	mitochondria	19394310	19397088	107	107
13235586	13238318	6124	3	2731	0	mitochondria	19394310	19397042	107	107
13341464	13343752	6069	3	2287	0	mitochondria	19394310	19396598	107	107
13359592	13362370	22007	3	2777	0	mitochondria	19394310	19397088	107	107
13819235	13820330	6244	3	1094	0	mitochondria	0	0	-108	108
13833582	13838959	6244	3	5376	0	mitochondria	0	0	-109	109
13888178	13891526	6069	3	3347	0	mitochondria	0	0	-110	108
13903442	13907712	6069	3	4269	0	mitochondria	0	0	-111	109
15551329	15551804	22007	3	474	0	mitochondria	21803275	21803750	112	112
17304976	17305198	10015	3	221	0	mitochondria	26352047	26352269	113	113
17359584	17359806	1741	3	221	0	mitochondria	26352047	26352269	113	113
21865120	21865503	9981	3	382	0	mitochondria	31846817	31847200	114	114
22717318	22717715	9764	3	396	0	mitochondria	33616701	33617098	115	115
464799	465109	6909	4	309	0	mitochondria	672749	673059	116	116
2555360	2616876	9764	4	61515	0	mitochondria	3119967	3119911	117	117
2728438	2729107	9764	4	668	0	mitochondria	2931182	2930511	118	118
5389367	5389663	22006	4	295	0	mitochondria	8308853	8309149	119	119
5543981	5544277	22005	4	295	0	mitochondria	8308853	8309149	119	119
5946148	5946444	9543	4	295	0	mitochondria	8308853	8309149	119	119
8962887	8963231	22007	4	343	0	mitochondria	14215833	14216177	120	120
11914023	11914314	9537	4	290	0	mitochondria	19264136	19264427	121	121
11977248	11977539	9764	4	290	0	mitochondria	19264136	19264427	121	121
12050654	12050945	1741	4	290	0	mitochondria	19264136	19264427	121	121
12120574	12120865	22006	4	290	0	mitochondria	19264136	19264427	121	121
12158929	12159220	9981	4	290	0	mitochondria	19264136	19264427	121	121
12245683	12245974	22007	4	290	0	mitochondria	19264136	19264427	121	121
12265716	12266007	9638	4	290	0	mitochondria	19264136	19264427	121	121
12305059	12305350	9728	4	290	0	mitochondria	19264136	19264427	121	121
12387583	12387872	22003	4	288	0	mitochondria	19264136	19264427	121	121
12387945	12388236	6244	4	290	0	mitochondria	19264136	19264427	121	121
12422911	12423202	6069	4	290	0	mitochondria	19264136	19264427	121	121
12471260	12471551	9888	4	290	0	mitochondria	19264136	19264427	121	121
12504252	12504543	22005	4	290	0	mitochondria	19264136	19264427	121	121
12590263	12590554	22002	4	290	0	mitochondria	19264136	19264427	121	121
12608709	12609000	10015	4	290	0	mitochondria	19264136	19264427	121	121
12693880	12694171	220011	4	290	0	mitochondria	19264136	19264427	121	121
13042394	13042685	9905	4	290	0	mitochondria	19264136	19264427	121	121
12134871	12135155	10024	4	283	0	mitochondria	19264143	19264427	121	121
12785713	12785994	9543	4	280	0	mitochondria	19264146	19264427	121	121
9613863	9614408	10002	5	544	0	mitochondria	13057263	13057808	122	122
9642305	9642850	9537	5	544	0	mitochondria	13057263	13057808	122	122
9685826	9686371	6966	5	544	0	mitochondria	13057263	13057808	122	122
10920133	10929322	6124	5	9188	0	mitochondria	15356994	15366234	123	123
10998230	11007420	10015	5	9189	0	mitochondria	15356994	15366234	123	123
11000249	11008796	8236	5	8546	0	mitochondria	15356994	15366234	123	123
11000292	11009530	22002	5	9237	0	mitochondria	15356994	15366250	123	123
11001617	11010860	9075	5	9242	0	mitochondria	15356994	15366250	123	123
11007572	11016775	22004	5	9202	0	mitochondria	15356994	15366234	123	123
11011628	11020871	9981	5	9242	0	mitochondria	15356994	15366250	123	123
11092450	11101655	1741	5	9204	0	mitochondria	15356994	15366234	123	123
11093530	11102731	6966	5	9200	0	mitochondria	15356994	15366234	123	123
11131906	11141101	9728	5	9194	0	mitochondria	15356994	15366234	123	123
11255879	11264992	220011	5	9112	0	mitochondria	15357083	15366234	123	123
11365328	11365582	1741	5	253	0	mitochondria	0	0	-124	124
11366980	11367234	6966	5	253	0	mitochondria	0	0	-125	124
11871073	11872136	10002	5	1062	0	mitochondria	0	0	-126	126
11886320	11891675	10002	5	5354	0	mitochondria	0	0	-127	127
11977152	11977453	6124	5	300	0	mitochondria	0	0	-128	128
12018115	12018416	8236	5	300	0	mitochondria	0	0	-129	128
12045893	12046182	9728	5	288	0	mitochondria	0	0	-130	128
12757524	12757746	10015	5	221	0	mitochondria	17883260	17883038	131	131
12759946	12760408	10015	5	461	0	mitochondria	17880838	17880376	132	132
14659805	14660060	10015	5	254	0	mitochondria	21194145	21194400	133	133
25468779	25469388	22007	5	608	0	mitochondria	37524252	37524861	134	134