Accession	Node:0	Node:1	Node:2	Node:3	Node:4	Node:5	Node:6	Node:7	Node:8	Node:9	Node:10	Node:11	Node:12	Node:13	Node:14	Node:15	Node:16	Node:17	Node:18	Node:19	Node:20	Node:21	Node:22	Node:23	Node:24	Node:25	Node:26	Node:27	Seq:0	Seq:1	Seq:2	Seq:3	Seq:4	Seq:5	Seq:6	Seq:7	Seq:8	Seq:9	Seq:10	Seq:11	Seq:12	Seq:13	Seq:14	Seq:15	Seq:16	Seq:17	Seq:18	Seq:19	Seq:20	Seq:21	Seq:22	Seq:23	Seq:24	Seq:25	Seq:26	Seq:27
10002_Chr4	16353	12937	13484	10752	11147	10589	13692	12537	12299	13500	16556	19481	19646	16989	17881	19287	23577	27423	34313	36173	44183	54221	62018	73334	87590	133835	227328	432712	317534	178562	254595	160427	135235	140598	470383	150514	114764	104612	147573	208565	176886	125718	147126	112613	137511	152732	248989	199014	262262	305854	365048	457154	446327	691125	1115426	11413120
10015_Chr4	6479	16170	10918	16258	11130	13414	12124	12734	14689	18642	22120	26701	27776	25401	26837	30441	34924	38608	41910	42625	48138	56378	65644	73618	93974	140241	232204	432712	163713	196965	118180	212159	107270	127873	110140	108305	98449	176076	168217	267753	244739	185839	189260	222539	231293	248978	313632	261499	306278	326589	396967	435146	489996	751891	1157353	11413120
10024_Chr4	33442	28951	14547	14078	15120	15744	14084	15437	16840	17778	17437	19111	20334	21719	24095	26241	27863	32683	34141	34937	39663	45500	58066	65036	80160	122251	220396	432712	508913	553808	246751	161906	148973	136204	103292	110674	125719	147323	123526	150391	136823	161020	183434	189631	169694	203059	243259	200709	235095	258261	335159	399454	402872	598889	1097595	11413120
1741_Chr4	7697	7203	13524	13894	12942	12609	15462	13024	11011	11186	11449	13248	14366	15510	16910	19018	23770	27316	31734	35183	44996	56914	66282	75182	94206	141419	230801	432712	135725	125166	157934	151831	222460	155802	544778	184267	73485	86888	72063	106197	111737	114893	112309	121911	146215	177610	215254	186952	262044	320255	399715	458572	496719	758090	1156682	11413120
22001_Chr4_mod2	6347	23389	12849	17886	13468	13559	11330	12358	13858	16616	20543	23397	23353	22816	25849	29357	33564	37048	39509	40728	45741	53335	62242	72116	91178	133879	232148	432712	204218	449813	164620	244148	151641	137027	84472	87082	94859	129004	172158	239208	192070	157769	184372	213430	219367	235782	288627	255991	288047	298413	363998	444456	472693	724087	1150287	11413120
22002_Chr4	5292	21413	11769	16023	11818	13378	11663	12769	14810	18777	22550	26051	26809	25484	27714	31547	35087	37961	40342	41772	47137	55660	64672	73425	92888	135689	232763	432712	60482	227014	155125	194832	127665	138803	82356	102741	106128	163091	194431	264102	218594	189298	194622	235713	235624	252292	294326	260905	292396	318885	386642	450735	483488	738402	1159805	11413120
22003_Chr4	34287	11990	12379	12428	15092	13292	12154	13843	15427	17493	19756	23599	21513	20252	20727	21938	25031	29610	34874	36742	43381	51338	59816	70584	87149	131821	217195	432712	583108	151016	192760	138706	135313	161345	105663	131673	116467	143129	159654	249541	171924	149956	170311	145439	147825	171495	237681	214288	266472	286712	362983	439302	454792	682263	1085339	11413120
22004_Chr4	27721	14281	14853	11821	16852	15403	13094	14701	17009	19361	22433	26969	25737	23590	25875	28967	33602	37140	38450	40398	46350	55431	66815	74299	90057	137090	222512	432712	553688	147043	199602	112702	206476	170305	109863	107686	120390	159059	179634	290448	210883	174311	195929	196593	223673	242650	269768	238787	283342	309646	406228	463557	458503	725389	1125279	11413120
22005_Chr4	14279	35209	31035	26994	25277	16015	14314	14305	14518	13551	13128	14912	17361	18451	19696	21764	26040	30495	31330	33724	37822	46138	58171	64664	84569	128098	230821	432712	335297	495888	428212	421035	388406	154009	122085	117586	107468	93752	86065	108193	117050	138913	154316	143774	150789	182704	210217	201087	211727	264669	341580	363259	439520	691166	1154379	11413120
22006_Chr4	12860	34393	30703	26410	22691	15946	13990	14129	14066	13443	13376	14902	17532	18172	19397	21359	25447	29673	30892	33124	37420	45194	56895	62417	81046	124815	227199	432712	238018	480006	409585	420545	371306	158793	118266	118309	104846	92779	96491	107291	131051	137564	151792	141091	149505	179357	206395	198116	213442	256600	337975	351213	421144	668630	1089968	11413120
22007_Chr4	39883	29087	16926	17065	21164	16346	14610	14330	15453	17523	17831	20051	20608	20945	23657	26696	29217	32353	33585	34117	38199	43904	56355	64316	80092	121444	217297	432712	546483	440279	263010	193037	298424	147972	117037	108261	111848	130469	120586	183159	145147	149839	173825	182918	196349	207178	231164	196174	224069	241803	327160	386373	405186	587824	1078510	11413120
6024_Chr4	15171	12633	10921	12153	10141	11250	11548	12193	14633	16734	19990	23221	23707	22422	25735	29822	34809	38468	41091	42065	47530	56246	66953	74942	90719	138856	230393	432712	249149	186968	125452	186387	119091	96781	113048	97805	125769	124284	176771	227775	203812	147653	196272	212301	233114	255025	300548	252701	300254	309843	405967	473463	464625	738287	1150725	11413120
6069_Chr4	6258	17425	17103	11857	10470	12509	14580	11635	11993	12620	13540	13840	15539	15558	18726	22279	29001	34003	39152	38681	46193	56178	66769	74484	91625	139671	232104	432712	164484	250664	258954	131261	120690	170269	514375	98365	97104	98563	104977	102583	130605	100546	119749	125473	188322	208872	297774	218206	285162	315162	406624	456698	476997	743943	1162388	11413120
6124_Chr4	13881	10424	13592	9588	10481	10452	11630	12470	13370	14741	16790	18278	19756	20010	22668	28428	32867	35142	36049	39841	47081	55510	63098	74749	93702	140106	229373	432712	284448	134335	164775	85750	104454	87126	114861	131730	90947	113790	143578	157017	162600	136231	122660	191447	221254	219488	236190	235956	302625	322231	376059	458683	490578	746765	1149147	11413120
6244_Chr4	7137	17639	16805	10948	10368	11613	14898	11318	11782	12499	12788	13323	15182	16272	19094	22100	28108	33242	38442	37785	45596	56672	66717	74724	91723	139077	231174	432712	399911	272291	254773	122648	111990	127050	510596	96010	84450	106172	83882	108843	110647	112769	136467	128132	181876	203947	294673	209377	278304	317932	409271	459306	479291	739937	1145992	11413120
6909_Chr4	427	9026	12769	13199	11706	12209	15655	13176	12098	12289	11504	12681	13576	15511	18056	18758	23576	26512	31140	35703	44992	57450	67819	75831	94317	141174	235216	432712	7668	126566	115890	129971	183186	129763	543604	183478	88741	120008	83862	95968	95375	113003	144797	108861	144950	168686	206817	195357	265265	323096	420489	468120	495762	760543	1171750	11413120
6966_Chr4	14681	16090	13495	10207	11147	10038	11234	13253	14818	18135	20739	24193	25233	23649	26091	30103	34650	38344	41381	42428	49830	58525	69119	76672	93199	139839	229796	432712	213239	142961	176303	126305	123055	66639	94563	113130	109199	152402	179124	261080	203073	171770	190347	201545	222305	245408	302959	247557	313234	335683	420756	475484	485007	753299	1150771	11413120
8236_Chr4	20312	11684	12146	11637	11309	10418	12211	12770	13781	16738	21111	24874	25292	23748	25054	26787	31361	35119	37912	40947	45784	58174	67050	75537	91628	137779	227249	432712	257372	121736	159452	155200	160746	94903	121175	152111	79562	129289	180838	246709	200397	170777	194886	167763	207290	224012	266658	252612	274544	334133	406075	476445	478831	734921	1131948	11413120
9075_Chr4	27019	10898	10207	11174	11108	11301	11217	11408	12828	16528	16285	17923	20667	24118	26657	29646	33773	36606	39677	40823	46208	55843	65402	72880	88615	134575	221777	432712	405037	125326	92379	103494	158379	114091	123775	82831	86642	138685	126135	127191	153966	186357	210371	213490	222769	243795	282917	248081	283049	318879	394598	460260	454109	718873	1089666	11413120
9537_Chr4	17571	10509	8517	13054	11752	10858	15095	12458	11075	11060	13156	14106	13443	15934	18606	18159	22370	25898	31027	35720	44376	53714	64003	76379	92550	138206	226928	432712	231203	131057	63260	128962	171519	125777	531598	178250	82599	79613	91261	103881	94214	123430	167394	113718	132403	163151	201673	192941	266497	292944	385222	474526	480623	746566	1138954	11413120
9543_Chr4	35130	16364	26466	22066	22889	16395	14821	15721	17125	18588	17404	19758	21781	22722	24052	26176	31309	34334	32930	34355	39734	48119	60753	68083	87305	133053	220892	432712	591236	251483	370314	321561	341343	166264	128886	115257	122244	156741	123054	153272	163536	172953	176842	173187	205685	220968	216885	209419	225328	267147	357790	410936	457934	692890	1117588	11413120
9638_Chr4	9369	16809	10954	16070	11940	12951	11147	11781	12958	15530	17485	18527	19727	22000	25087	28961	33990	36846	38852	41803	47078	54777	65314	74115	93328	139272	230798	432712	180574	391270	140225	179136	127723	122903	92146	98650	89713	133502	142275	170136	138314	148321	175984	206505	230607	232476	270357	258752	298010	303266	391113	457447	485383	746269	1145770	11413120
9728_Chr4	23017	10169	9830	9662	9496	10858	11862	13401	16136	19033	22664	25248	25428	23252	24618	26558	32022	34596	37376	39542	45639	54304	63643	76387	92094	137934	226363	432712	376826	180435	82128	110400	83801	80419	94069	106862	127913	164476	199498	259112	221103	171606	192796	182555	215882	228719	275616	236435	288379	303765	381342	477237	484354	728915	1133177	11413120
9764_Chr4	41326	14998	12422	14328	15631	12314	11550	13602	13727	14718	15610	15798	15524	17148	19322	21421	25484	29961	32138	33888	42459	50722	61142	68914	88332	134415	214250	432712	745031	208081	152594	217595	189225	117025	75043	104694	95830	111858	116878	118598	102001	121226	155214	140432	157286	192251	201821	180659	258937	270907	366978	381150	458957	721993	1082488	11413120
9888_Chr4	18837	13942	14447	12069	11199	10807	11648	14566	15402	18199	22243	26470	26413	23059	23501	26076	29710	32414	35621	40759	46983	56750	66807	75397	92301	138906	227383	432712	195738	214443	211601	188717	119399	114593	99541	169586	115384	152121	186933	276702	226477	176005	167399	174389	195883	208431	230747	235905	292518	319762	401650	459488	478792	747248	1141172	11413120
9905_Chr4	44551	19500	17995	18793	22860	18056	15430	16289	17776	18468	18774	22014	23614	22838	24056	24147	28056	30732	31215	36182	41052	46991	59771	67280	82114	127034	214912	432712	948461	341827	280500	238795	309798	197091	126927	131999	137597	152849	143542	183629	185222	165675	192292	154691	175487	198985	189651	220104	250945	270305	357154	416664	414117	665961	1046115	11413120
9981_Chr4	19181	11707	11034	10269	10305	10066	10677	11384	13491	14988	19230	22388	22438	19549	21500	24289	28022	32204	35244	40687	48046	57769	67516	76649	93232	139129	227057	432712	307218	136654	121285	130868	106177	87334	120348	129049	97882	116920	145823	208297	186604	129290	152131	166721	186614	209581	225643	232958	293399	331089	402970	479798	485975	746078	1140665	11413120
TAIR10_Chr4	985	8714	12448	12949	11632	12060	15269	12696	11722	11952	11281	12388	13233	14907	17189	18523	23326	26365	30916	35388	44718	57059	67443	75218	93157	140906	234665	432712	11688	122205	115407	128774	184025	133457	538435	181903	86727	114505	83230	94923	94545	104170	128813	107010	142468	167976	205862	192458	263744	319571	418422	465346	489800	759950	1168473	11413120
