Accession	Node:0	Node:1	Node:2	Node:3	Node:4	Node:5	Node:6	Node:7	Node:8	Node:9	Node:10	Node:11	Node:12	Node:13	Node:14	Node:15	Node:16	Node:17	Node:18	Node:19	Node:20	Node:21	Node:22	Node:23	Node:24	Node:25	Node:26	Node:27	Seq:0	Seq:1	Seq:2	Seq:3	Seq:4	Seq:5	Seq:6	Seq:7	Seq:8	Seq:9	Seq:10	Seq:11	Seq:12	Seq:13	Seq:14	Seq:15	Seq:16	Seq:17	Seq:18	Seq:19	Seq:20	Seq:21	Seq:22	Seq:23	Seq:24	Seq:25	Seq:26	Seq:27
10002_Chr5	15625	13850	15756	15136	13715	13639	14608	16414	17432	16263	17215	19555	20826	23160	26615	30706	29885	36863	41074	51151	54187	61626	73338	92073	120518	178500	331329	651453	1293118	173490	235932	158406	137473	113335	141083	179249	139685	156883	108202	166007	145670	172271	172026	207106	174429	233916	254667	328490	340963	379670	398373	479279	666234	912847	1416501	18067052
10015_Chr5	17386	16526	13296	13047	12731	13500	14219	16657	17311	16460	18105	20085	20564	23396	26605	29658	31399	37322	40864	49435	53640	59918	71446	87809	114425	176641	329314	651453	366617	275842	252452	113941	124352	112660	158019	150788	174087	132850	138474	143031	139870	168202	169808	200220	189118	251229	255168	315013	337762	351691	390475	466362	598298	890350	1397034	18067052
10024_Chr5	39795	36560	18512	15920	16934	18254	19515	18608	16418	19103	19108	21141	19574	23417	26862	28258	28379	32093	39577	45708	47051	53135	65025	83213	108217	161370	314917	651453	573272	544490	215076	118609	144794	163765	216694	148733	124667	147204	117966	159909	108769	165846	173636	181763	160067	187372	229733	292777	296271	298774	338746	424825	587517	809403	1327612	18067052
1741_Chr5	12995	12489	11992	18127	14264	13722	14013	17617	18078	19332	20176	25022	23650	27347	31381	33905	31510	35589	41289	49714	54313	59972	71393	90179	116456	176397	331576	651453	330857	211373	155206	287855	165091	164556	142414	184881	160447	190424	135394	228423	173569	202026	225380	265755	197437	214025	247861	312725	334370	361376	380516	470842	628096	874116	1415755	18067052
22001_Chr5_mod2	10088	27065	14045	13053	13964	15139	14908	17291	15999	15650	18516	19049	19340	22292	26902	29747	29207	35334	39818	48255	52293	59475	71435	87395	113477	170763	334251	651453	496716	458246	217444	96956	115934	152032	167357	146332	127665	123165	144938	163033	126920	151042	180908	217243	165372	228182	236841	304734	320290	344052	394631	465732	600858	865639	1421382	18067052
22002_Chr5	21545	21778	14295	15246	16106	15867	16473	18237	15271	15612	18476	22059	19726	23888	27449	32073	30424	36019	38924	45502	49575	57198	67132	85436	113240	168073	327676	651453	590169	303619	176200	129156	133073	181118	170203	186669	97423	134510	126559	202921	131045	170982	202074	237222	189650	245591	250675	292776	288391	341038	363144	445267	613279	856921	1384959	18067052
22003_Chr5	50959	17626	18248	16829	17195	18065	20317	20010	17183	18095	16918	19854	19951	22345	23837	27444	29107	32134	38692	44085	48111	54176	63386	78261	104055	165874	305107	651453	997374	202147	179590	203818	149759	161899	223860	176847	149624	161100	110267	137717	125610	155972	156663	176185	179270	189069	234785	288134	288791	345908	336166	394432	536970	830825	1255273	18067052
22004_Chr5	35020	15112	14266	13605	14968	15163	16548	17011	18752	17567	19200	23912	21742	24728	27162	32701	32674	38235	41888	49972	52850	58681	68576	86014	112195	174899	320971	651453	559081	268237	192988	116193	146079	127910	158374	139792	171076	133464	122197	214787	157514	174961	181337	219197	196219	256381	268358	317676	324300	355998	357380	442028	582486	877103	1383758	18067052
22005_Chr5	19375	34126	28193	26754	23378	24861	22691	21922	18266	18486	18158	21523	20349	22195	25917	28472	29090	31704	38207	41901	45208	51186	63737	79904	107198	163616	330972	651453	208922	492320	351956	276448	222475	293795	234606	186053	135588	157137	112751	156271	142303	157591	173534	188659	176984	185841	237395	273877	266340	297724	337390	403945	572552	838829	1414419	18067052
22006_Chr5	19212	33469	27172	24971	21907	23213	20812	20877	17963	19093	17471	20862	19824	22185	26158	28291	28841	30637	37916	41372	44576	50707	63688	80079	108158	164514	330891	651453	184875	451373	334263	252455	195107	273020	164970	165318	121949	178206	109796	149550	132380	154658	172065	185947	173653	165811	236706	271072	268223	287148	335040	398032	583852	856193	1408422	18067052
22007_Chr5	45059	36452	18823	16907	17189	18052	19771	18397	15862	18631	19219	20957	18601	22117	26319	28037	27652	31417	38366	43413	45859	52536	64172	83054	107930	160626	311407	651453	620050	542293	192382	177659	155369	164576	212748	140979	107905	150496	125243	176053	110736	138395	166310	185207	150054	184477	242039	262166	281593	303524	330425	423154	579220	801988	1304300	18067052
6024_Chr5	12548	13402	16961	15560	13729	15113	15661	17322	17737	17828	17619	20697	20362	24116	27812	29892	29257	34726	39034	48445	52373	60747	73165	91268	120089	179355	331579	651453	240469	154304	195968	159535	116818	162130	153207	189655	135962	180217	122020	167540	133879	167267	206109	209848	169197	223937	225623	303936	315912	364551	391754	474681	660963	918503	1413197	18067052
6069_Chr5	13436	13799	14009	14173	14045	13822	14243	17795	17827	16994	18383	19997	21753	23702	25783	28678	29601	36556	41832	50417	54752	61631	72492	90071	117626	177022	331848	651453	315498	213660	196720	146113	116432	114090	140259	172372	162774	157457	131418	148141	151137	180615	183821	192574	171072	227567	256996	326980	341896	375289	408675	466483	642347	904285	1414439	18067052
6124_Chr5	13075	13117	16963	13535	13848	11826	13938	16430	16350	17522	19491	22667	22787	27037	29794	35116	33111	38814	43376	53210	55639	61605	73499	91534	118949	178972	331529	651453	266585	251281	279984	156425	131721	90549	116750	167470	154239	148034	127097	217604	154018	201555	228720	268663	205338	274760	259293	347558	353769	358426	404876	476504	651065	910485	1411719	18067052
6244_Chr5	12700	15161	19095	16744	15912	16505	17117	18214	18908	17252	19136	21632	21177	24134	26471	29419	28895	36552	39590	49020	52556	59340	70581	89327	117881	177777	331851	651453	796264	250148	221331	187846	168897	152478	202289	192145	188094	150309	138001	187143	150344	179307	179713	216036	156455	241423	238193	316539	328299	360021	381536	453570	645475	910655	1409988	18067052
6909_Chr5	1635	17656	17315	16261	14231	12559	15943	17079	17295	16978	20241	24368	22689	26462	30168	33607	31428	37739	40431	50649	54267	61853	74310	92322	120887	179423	338326	651453	72946	268162	285313	188083	138913	111213	172604	219077	160777	137992	138607	227885	159296	218101	227080	251555	186621	263573	242670	312623	334274	367649	399502	488100	656681	924759	1439575	18067052
6966_Chr5	11837	14084	10263	17347	15031	12807	13534	16608	16482	16212	19789	23808	24068	27218	30882	35640	32912	38025	42711	51171	54175	59831	72105	91379	117540	176429	331438	651453	366451	259201	114791	252994	193938	139338	113583	194795	160221	122221	132953	210139	178453	223993	237689	271743	212854	255292	261041	328713	341482	366025	390437	481105	641738	884770	1412361	18067052
8236_Chr5	18632	10981	16639	12622	12260	12143	13747	16364	17598	18096	19661	23362	21318	24955	29651	33735	33119	39240	44729	53504	56033	63675	75551	93433	120648	180049	329369	651453	294898	172620	328219	127900	93928	95892	134556	143281	188118	182978	153448	216359	145187	171573	214975	243598	200589	257177	271178	356302	346610	386231	416290	495740	656913	921631	1414983	18067052
9075_Chr5	24425	16097	13070	12651	12991	13011	13192	15201	15887	16560	15197	17593	18888	21608	24360	29140	30745	35741	40072	49544	52470	58944	70628	89588	116055	176145	325064	651453	543296	241816	197849	139003	113806	128822	115767	150862	132455	166061	98660	121594	133406	167725	150939	192476	196261	235277	244809	315141	320814	369530	380244	463305	626526	884245	1402734	18067052
9537_Chr5	21840	15427	12397	18372	15859	15297	15085	18072	17750	19433	19869	23889	23027	25913	30021	33391	32059	36423	43884	50458	52133	60217	72230	91255	117732	176146	327906	651453	264146	179335	175621	240511	151607	145782	119290	209270	142012	203085	135430	201465	168819	198923	201396	240949	195728	224456	274350	336895	325211	359583	385453	479426	642289	894874	1397561	18067052
9543_Chr5	37035	19165	21528	23068	21271	21798	21901	20991	16867	17500	17648	20663	19630	23599	28670	30809	29167	33541	40113	43846	47860	54137	67438	84834	113195	172358	317898	651453	570535	301407	226088	250785	218567	253435	221864	168387	125130	150225	118717	148313	123209	157527	218485	230561	164852	193803	242014	287749	293927	311347	361135	432423	624132	853478	1367590	18067052
9638_Chr5	15318	11355	15735	14630	14100	13163	15571	17387	17820	16773	18923	22176	21880	26047	30356	33851	31456	38308	42958	52981	55824	62146	72764	91068	119469	178670	330747	651453	283362	151988	203950	135651	118819	124438	183185	164030	168245	161564	127890	178257	157889	201431	231388	259551	176488	257689	254658	348478	357950	384728	394730	481953	648207	896756	1407338	18067052
9728_Chr5	17949	13445	16098	12625	12014	12607	13157	16583	17197	18777	20244	23303	23216	27067	29848	34587	31475	37536	43791	54039	57103	62339	73890	91845	119561	179063	329623	651453	332796	238690	250120	129213	122680	139112	107666	158701	156846	192277	146872	206092	158368	204677	226438	259266	187126	236677	265415	357386	367078	375962	398279	476878	652140	912577	1415693	18067052
9764_Chr5	55388	20526	17259	17415	17343	17311	17529	19642	15856	16526	16909	21119	19682	20920	22962	27131	28413	31613	36489	42042	45345	51238	62074	78535	104291	166494	305660	651453	1056289	413567	206358	197487	144301	150561	107885	192601	107814	125916	101328	154494	139388	143945	135871	174584	171249	201805	219411	266448	279071	297321	324987	395316	524170	825440	1297166	18067052
9888_Chr5	19620	13633	13313	19858	15509	13260	13291	16838	16864	17508	19367	24220	23969	27170	31196	33661	33407	38135	43983	51455	53675	58413	68419	87169	115774	174600	326301	651453	259973	228492	147445	297589	143047	146374	93083	165983	154995	142403	112942	203347	183930	203066	243303	246332	207239	242839	266594	330518	340210	353789	364764	439571	631712	868224	1388482	18067052
9905_Chr5	45425	20070	20905	23936	22746	23742	23324	22474	18652	17360	18512	22823	21350	25104	27707	30766	31959	34501	38249	43387	45689	53931	63740	83950	112152	169994	313023	651453	686592	327090	270502	226226	208154	258229	243907	201950	156199	125519	114602	173362	140422	180617	185014	211249	199166	227864	222696	285168	258181	320368	324072	430577	606630	845205	1324747	18067052
9981_Chr5	22064	16195	13005	12297	13907	13442	15115	16502	15206	16405	16973	20493	19933	22345	24763	30761	31349	37139	41621	49516	53999	61365	71830	92120	117701	176991	326670	651453	472346	232411	141883	118209	144255	137243	142292	178416	120330	142713	105892	157774	140731	162065	150730	218306	188969	255736	256692	303326	327727	381237	372381	488335	634329	906773	1393867	18067052
TAIR10_Chr5	636	15140	15721	15559	13628	11883	15399	16441	16815	16464	19798	24043	22378	25933	29669	33292	31163	37550	40294	50488	54105	61630	74242	92181	120656	178457	337667	651453	67394	212330	272007	183986	135776	105754	170485	214900	159261	135920	135331	226689	158309	216863	222063	249757	185352	261819	242198	311880	333598	366378	399367	487871	656221	919854	1427778	18067052
